64
0
1
2
3
4
5
6
7
8
9
10
11
12
13
14
15
16
17
18
19
20
21
22
23
24
25
26
27
28
29
30
31
32
33
34
35
36
37
38
39
40
41
42
43
44
45
46
47
48
49
50
51
52
53
54
55
56
57
58
59
60
61
62
63
0 1
1 2
2 3
3 4
4 5
5 6
6 7
0 8
1 9
2 10
3 11
4 12
5 13
6 14
7 15
8 9
9 10
10 11
11 12
12 13
13 14
14 15
8 16
9 17
10 18
11 19
12 20
13 21
14 22
15 23
16 17
17 18
18 19
19 20
20 21
21 22
22 23
16 24
17 25
18 26
19 27
20 28
21 29
22 30
23 31
24 25
25 26
26 27
27 28
28 29
29 30
30 31
24 32
25 33
26 34
27 35
28 36
29 37
30 38
31 39
32 33
33 34
34 35
35 36
36 37
37 38
38 39
32 40
33 41
34 42
35 43
36 44
37 45
38 46
39 47
40 41
41 42
42 43
43 44
44 45
45 46
46 47
40 48
41 49
42 50
43 51
44 52
45 53
46 54
47 55
48 49
49 50
50 51
51 52
52 53
53 54
54 55
48 56
49 57
50 58
51 59
52 60
53 61
54 62
55 63
56 57
57 58
58 59
59 60
60 61
61 62
62 63
56 0
57 1
58 2
59 3
60 4
61 5
62 6
63 7
