62
0
1
2
3
4
5
6
7
8
9
10
11
12
13
14
15
16
17
18
19
20
21
22
23
24
25
26
27
28
29
30
31
32
33
34
35
36
37
38
39
40
41
42
43
44
45
46
47
48
49
50
51
52
53
54
55
56
57
58
59
60
61
0 1
1 2
2 3
3 4
4 5
5 6
6 7
7 8
8 9
9 10
10 11
11 0
0 12
1 13
2 14
3 15
4 16
5 17
6 18
7 19
8 20
9 21
10 22
11 23
12 13
13 14
14 15
15 16
16 17
17 18
18 19
19 20
20 21
21 22
22 23
23 12
12 24
13 25
14 26
15 27
16 28
17 29
18 30
19 31
20 32
21 33
22 34
23 35
24 25
25 26
26 27
27 28
28 29
29 30
30 31
31 32
32 33
33 34
34 35
35 24
24 36
25 37
26 38
27 39
28 40
29 41
30 42
31 43
32 44
33 45
34 46
35 47
36 37
37 38
38 39
39 40
40 41
41 42
42 43
43 44
44 45
45 46
46 47
47 36
36 48
37 49
38 50
39 51
40 52
41 53
42 54
43 55
44 56
45 57
46 58
47 59
48 49
49 50
50 51
51 52
52 53
53 54
54 55
55 56
56 57
57 58
58 59
59 48
0 60
1 60
2 60
3 60
4 60
5 60
6 60
7 60
8 60
9 60
10 60
11 60
48 61
49 61
50 61
51 61
52 61
53 61
54 61
55 61
56 61
57 61
58 61
59 61
