75
0
1
2
3
4
5
6
7
8
9
10
11
12
13
14
15
16
17
18
19
20
21
22
23
24
25
26
27
28
29
30
31
32
33
34
35
36
37
38
39
40
41
42
43
44
45
46
47
48
49
50
51
52
53
54
55
56
57
58
59
60
61
62
63
64
65
66
67
68
69
70
71
72
73
74
0 1
1 2
2 3
3 4
4 5
5 6
6 7
7 8
8 9
9 10
10 11
11 12
12 13
13 14
14 15
15 16
16 17
17 18
18 19
19 20
20 21
21 22
22 23
23 24
24 25
25 26
26 27
27 28
28 29
29 30
30 31
31 32
32 33
33 34
34 35
35 36
36 37
37 38
38 39
39 40
40 41
41 42
42 43
43 44
44 45
45 46
46 47
47 48
48 49
49 50
50 51
51 52
52 53
53 54
54 55
55 56
56 57
57 58
58 59
59 60
60 61
61 62
62 63
63 64
64 65
65 66
66 67
67 68
68 69
69 70
70 71
71 72
72 73
73 0
0 74
1 74
2 74
3 74
4 74
5 74
6 74
7 74
8 74
9 74
10 74
11 74
12 74
13 74
14 74
15 74
16 74
17 74
18 74
19 74
20 74
21 74
22 74
23 74
24 74
25 74
26 74
27 74
28 74
29 74
30 74
31 74
32 74
33 74
34 74
35 74
36 74
37 74
38 74
39 74
40 74
41 74
42 74
43 74
44 74
45 74
46 74
47 74
48 74
49 74
50 74
51 74
52 74
53 74
54 74
55 74
56 74
57 74
58 74
59 74
60 74
61 74
62 74
63 74
64 74
65 74
66 74
67 74
68 74
69 74
70 74
71 74
72 74
73 74
